RC: 24
RP:0
VS: 0
VF: 0
BD: 0.0
ISR:0.9210526315789473
ISR:0.8686868686868687
ISR:0.9010416666666666
ISR:0.8829787234042553
ISR:0.9313725490196079
ISR:0.9084507042253521
