RC: 29
RP:0
VS: 292
VF: 0
BD: 0.0
ISR:0.058823529411764705
ISR:0.0684931506849315
ISR:0.11392405063291139
ISR:0.12643678160919541
ISR:0.09
ISR:0.04
