RC: 17
RP:0
VS: 31
VF: 138
BD: 0.0
ISR:0.0
ISR:0.0
ISR:0.0
ISR:0.011111111111111112
ISR:0.005747126436781609
ISR:0.006944444444444444
