RC: 27
RP:0
VS: 57
VF: 121
BD: 0.0
ISR:0.02459016393442623
ISR:0.006666666666666667
ISR:0.007246376811594203
ISR:0.02247191011235955
ISR:0.0
ISR:0.012195121951219513
