RC: 32
RP:0
VS: 38
VF: 139
BD: 0.0
ISR:0.0
ISR:0.0
ISR:0.0
ISR:0.01694915254237288
ISR:0.0
ISR:0.0056179775280898875
