RC: 20
RP:0
VS: 7
VF: 120
BD: 0.0
ISR:0.023728813559322035
VS: 61
VF: 16
BD: 0.0
ISR:0.20677966101694914
VS: 101
VF: 25
BD: 0.0
ISR:0.3423728813559322
VS: 6
VF: 100
BD: 0.0
ISR:0.020338983050847456
